(0.0, (0,))
(0.0, (1,))
(0.0, (2,))
(0.0, (3,))
(12501.0, (4,))
(12501.0, (5,))
(16188.0, (8,))
(16188.0, (9,))
(0.0, (13,))
(23688.0, (0, 1))
(0.0, (0, 2))
(0.0, (0, 3))
(12501.0, (0, 4))
(12501.0, (0, 5))
(16188.0, (0, 8))
(16188.0, (0, 9))
(0.0, (0, 13))
(0.0, (1, 2))
(0.0, (1, 3))
(12501.0, (1, 4))
(12501.0, (1, 5))
(16188.0, (1, 8))
(16188.0, (1, 9))
(0.0, (1, 13))
(23688.0, (2, 3))
(12501.0, (2, 4))
(12501.0, (2, 5))
(16188.0, (2, 8))
(16188.0, (2, 9))
(0.0, (2, 13))
(12501.0, (3, 4))
(12501.0, (3, 5))
(16188.0, (3, 8))
(16188.0, (3, 9))
(0.0, (3, 13))
(13600.0, (4, 5))
(28305.0, (4, 8))
(28813.0, (4, 9))
(13471.0, (4, 13))
(28813.0, (5, 8))
(28305.0, (5, 9))
(12501.0, (5, 13))
(16000.0, (8, 9))
(16671.0, (8, 13))
(16188.0, (9, 13))
(18000.0, (0, 1, 2))
(18000.0, (0, 1, 3))
(24097.0, (0, 1, 4))
(34519.0, (0, 1, 5))
(27896.0, (0, 1, 8))
(42800.0, (0, 1, 9))
(25616.0, (0, 1, 13))
(18000.0, (0, 2, 3))
(16043.0, (0, 2, 4))
(16043.0, (0, 2, 5))
(18375.0, (0, 2, 8))
(18375.0, (0, 2, 9))
(1621.0, (0, 2, 13))
(16043.0, (0, 3, 4))
(16043.0, (0, 3, 5))
(18375.0, (0, 3, 8))
(18375.0, (0, 3, 9))
(1621.0, (0, 3, 13))
(13600.0, (0, 4, 5))
(28305.0, (0, 4, 8))
(28983.0, (0, 4, 9))
(13471.0, (0, 4, 13))
(28813.0, (0, 5, 8))
(31666.0, (0, 5, 9))
(22860.0, (0, 5, 13))
(16000.0, (0, 8, 9))
(16671.0, (0, 8, 13))
(23329.0, (0, 9, 13))
(18000.0, (1, 2, 3))
(16043.0, (1, 2, 4))
(16043.0, (1, 2, 5))
(18375.0, (1, 2, 8))
(18375.0, (1, 2, 9))
(1621.0, (1, 2, 13))
(16043.0, (1, 3, 4))
(16043.0, (1, 3, 5))
(18375.0, (1, 3, 8))
(18375.0, (1, 3, 9))
(1621.0, (1, 3, 13))
(13600.0, (1, 4, 5))
(28305.0, (1, 4, 8))
(28983.0, (1, 4, 9))
(13471.0, (1, 4, 13))
(28813.0, (1, 5, 8))
(31666.0, (1, 5, 9))
(22860.0, (1, 5, 13))
(16000.0, (1, 8, 9))
(16671.0, (1, 8, 13))
(23329.0, (1, 9, 13))
(34519.0, (2, 3, 4))
(24097.0, (2, 3, 5))
(42800.0, (2, 3, 8))
(27896.0, (2, 3, 9))
(23688.0, (2, 3, 13))
(13600.0, (2, 4, 5))
(31666.0, (2, 4, 8))
(28813.0, (2, 4, 9))
(14309.0, (2, 4, 13))
(28983.0, (2, 5, 8))
(28305.0, (2, 5, 9))
(12501.0, (2, 5, 13))
(16000.0, (2, 8, 9))
(17415.0, (2, 8, 13))
(16188.0, (2, 9, 13))
(13600.0, (3, 4, 5))
(31666.0, (3, 4, 8))
(28813.0, (3, 4, 9))
(14309.0, (3, 4, 13))
(28983.0, (3, 5, 8))
(28305.0, (3, 5, 9))
(12501.0, (3, 5, 13))
(16000.0, (3, 8, 9))
(17415.0, (3, 8, 13))
(16188.0, (3, 9, 13))
(28600.0, (4, 5, 8))
(28600.0, (4, 5, 9))
(13600.0, (4, 5, 13))
(28515.0, (4, 8, 9))
(29609.0, (4, 8, 13))
(29609.0, (4, 9, 13))
(28515.0, (5, 8, 9))
(29609.0, (5, 8, 13))
(28305.0, (5, 9, 13))
(16000.0, (8, 9, 13))
(37719.0, (0, 1, 2, 3))
(24666.0, (0, 1, 2, 4))
(34519.0, (0, 1, 2, 5))
(25880.0, (0, 1, 2, 8))
(42800.0, (0, 1, 2, 9))
(20600.0, (0, 1, 2, 13))
(24666.0, (0, 1, 3, 4))
(34519.0, (0, 1, 3, 5))
(25880.0, (0, 1, 3, 8))
(42800.0, (0, 1, 3, 9))
(20600.0, (0, 1, 3, 13))
(23600.0, (0, 1, 4, 5))
(28305.0, (0, 1, 4, 8))
(45315.0, (0, 1, 4, 9))
(28119.0, (0, 1, 4, 13))
(39519.0, (0, 1, 5, 8))
(37719.0, (0, 1, 5, 9))
(37719.0, (0, 1, 5, 13))
(26000.0, (0, 1, 8, 9))
(30608.0, (0, 1, 8, 13))
(37719.0, (0, 1, 9, 13))
(34519.0, (0, 2, 3, 4))
(24666.0, (0, 2, 3, 5))
(42800.0, (0, 2, 3, 8))
(25880.0, (0, 2, 3, 9))
(18000.0, (0, 2, 3, 13))
(13600.0, (0, 2, 4, 5))
(31666.0, (0, 2, 4, 8))
(30756.0, (0, 2, 4, 9))
(17349.0, (0, 2, 4, 13))
(30756.0, (0, 2, 5, 8))
(31666.0, (0, 2, 5, 9))
(22860.0, (0, 2, 5, 13))
(16000.0, (0, 2, 8, 9))
(18375.0, (0, 2, 8, 13))
(23329.0, (0, 2, 9, 13))
(13600.0, (0, 3, 4, 5))
(31666.0, (0, 3, 4, 8))
(30756.0, (0, 3, 4, 9))
(17349.0, (0, 3, 4, 13))
(30756.0, (0, 3, 5, 8))
(31666.0, (0, 3, 5, 9))
(22860.0, (0, 3, 5, 13))
(16000.0, (0, 3, 8, 9))
(18375.0, (0, 3, 8, 13))
(23329.0, (0, 3, 9, 13))
(28600.0, (0, 4, 5, 8))
(28600.0, (0, 4, 5, 9))
(16932.0, (0, 4, 5, 13))
(28515.0, (0, 4, 8, 9))
(29609.0, (0, 4, 8, 13))
(31666.0, (0, 4, 9, 13))
(28515.0, (0, 5, 8, 9))
(31666.0, (0, 5, 8, 13))
(31666.0, (0, 5, 9, 13))
(20283.0, (0, 8, 9, 13))
(34519.0, (1, 2, 3, 4))
(24666.0, (1, 2, 3, 5))
(42800.0, (1, 2, 3, 8))
(25880.0, (1, 2, 3, 9))
(18000.0, (1, 2, 3, 13))
(13600.0, (1, 2, 4, 5))
(31666.0, (1, 2, 4, 8))
(30756.0, (1, 2, 4, 9))
(17349.0, (1, 2, 4, 13))
(30756.0, (1, 2, 5, 8))
(31666.0, (1, 2, 5, 9))
(22860.0, (1, 2, 5, 13))
(16000.0, (1, 2, 8, 9))
(18375.0, (1, 2, 8, 13))
(23329.0, (1, 2, 9, 13))
(13600.0, (1, 3, 4, 5))
(31666.0, (1, 3, 4, 8))
(30756.0, (1, 3, 4, 9))
(17349.0, (1, 3, 4, 13))
(30756.0, (1, 3, 5, 8))
(31666.0, (1, 3, 5, 9))
(22860.0, (1, 3, 5, 13))
(16000.0, (1, 3, 8, 9))
(18375.0, (1, 3, 8, 13))
(23329.0, (1, 3, 9, 13))
(28600.0, (1, 4, 5, 8))
(28600.0, (1, 4, 5, 9))
(16932.0, (1, 4, 5, 13))
(28515.0, (1, 4, 8, 9))
(29609.0, (1, 4, 8, 13))
(31666.0, (1, 4, 9, 13))
(28515.0, (1, 5, 8, 9))
(31666.0, (1, 5, 8, 13))
(31666.0, (1, 5, 9, 13))
(20283.0, (1, 8, 9, 13))
(23600.0, (2, 3, 4, 5))
(37719.0, (2, 3, 4, 8))
(39519.0, (2, 3, 4, 9))
(34519.0, (2, 3, 4, 13))
(45315.0, (2, 3, 5, 8))
(28305.0, (2, 3, 5, 9))
(24097.0, (2, 3, 5, 13))
(26000.0, (2, 3, 8, 9))
(42800.0, (2, 3, 8, 13))
(27896.0, (2, 3, 9, 13))
(28600.0, (2, 4, 5, 8))
(28600.0, (2, 4, 5, 9))
(13600.0, (2, 4, 5, 13))
(28515.0, (2, 4, 8, 9))
(31666.0, (2, 4, 8, 13))
(29609.0, (2, 4, 9, 13))
(28515.0, (2, 5, 8, 9))
(29609.0, (2, 5, 8, 13))
(28305.0, (2, 5, 9, 13))
(16000.0, (2, 8, 9, 13))
(28600.0, (3, 4, 5, 8))
(28600.0, (3, 4, 5, 9))
(13600.0, (3, 4, 5, 13))
(28515.0, (3, 4, 8, 9))
(31666.0, (3, 4, 8, 13))
(29609.0, (3, 4, 9, 13))
(28515.0, (3, 5, 8, 9))
(29609.0, (3, 5, 8, 13))
(28305.0, (3, 5, 9, 13))
(16000.0, (3, 8, 9, 13))
(10000.0, (4, 5, 8, 9))
(30264.0, (4, 5, 8, 13))
(28600.0, (4, 5, 9, 13))
(32376.0, (4, 8, 9, 13))
(28515.0, (5, 8, 9, 13))
(37719.0, (0, 1, 2, 3, 4))
(37719.0, (0, 1, 2, 3, 5))
(37719.0, (0, 1, 2, 3, 8))
(37719.0, (0, 1, 2, 3, 9))
(37719.0, (0, 1, 2, 3, 13))
(23600.0, (0, 1, 2, 4, 5))
(31666.0, (0, 1, 2, 4, 8))
(49176.0, (0, 1, 2, 4, 9))
(25600.0, (0, 1, 2, 4, 13))
(41183.0, (0, 1, 2, 5, 8))
(37719.0, (0, 1, 2, 5, 9))
(37719.0, (0, 1, 2, 5, 13))
(26000.0, (0, 1, 2, 8, 9))
(27024.0, (0, 1, 2, 8, 13))
(37719.0, (0, 1, 2, 9, 13))
(23600.0, (0, 1, 3, 4, 5))
(31666.0, (0, 1, 3, 4, 8))
(49176.0, (0, 1, 3, 4, 9))
(25600.0, (0, 1, 3, 4, 13))
(41183.0, (0, 1, 3, 5, 8))
(37719.0, (0, 1, 3, 5, 9))
(37719.0, (0, 1, 3, 5, 13))
(26000.0, (0, 1, 3, 8, 9))
(27024.0, (0, 1, 3, 8, 13))
(37719.0, (0, 1, 3, 9, 13))
(28600.0, (0, 1, 4, 5, 8))
(26800.0, (0, 1, 4, 5, 9))
(26800.0, (0, 1, 4, 5, 13))
(28515.0, (0, 1, 4, 8, 9))
(33111.0, (0, 1, 4, 8, 13))
(37719.0, (0, 1, 4, 9, 13))
(20919.0, (0, 1, 5, 8, 9))
(37719.0, (0, 1, 5, 8, 13))
(37719.0, (0, 1, 5, 9, 13))
(20919.0, (0, 1, 8, 9, 13))
(23600.0, (0, 2, 3, 4, 5))
(37719.0, (0, 2, 3, 4, 8))
(41183.0, (0, 2, 3, 4, 9))
(34519.0, (0, 2, 3, 4, 13))
(49176.0, (0, 2, 3, 5, 8))
(31666.0, (0, 2, 3, 5, 9))
(24666.0, (0, 2, 3, 5, 13))
(26000.0, (0, 2, 3, 8, 9))
(42800.0, (0, 2, 3, 8, 13))
(25880.0, (0, 2, 3, 9, 13))
(28600.0, (0, 2, 4, 5, 8))
(28600.0, (0, 2, 4, 5, 9))
(16932.0, (0, 2, 4, 5, 13))
(28515.0, (0, 2, 4, 8, 9))
(31666.0, (0, 2, 4, 8, 13))
(31666.0, (0, 2, 4, 9, 13))
(28515.0, (0, 2, 5, 8, 9))
(31666.0, (0, 2, 5, 8, 13))
(31666.0, (0, 2, 5, 9, 13))
(20283.0, (0, 2, 8, 9, 13))
(28600.0, (0, 3, 4, 5, 8))
(28600.0, (0, 3, 4, 5, 9))
(16932.0, (0, 3, 4, 5, 13))
(28515.0, (0, 3, 4, 8, 9))
(31666.0, (0, 3, 4, 8, 13))
(31666.0, (0, 3, 4, 9, 13))
(28515.0, (0, 3, 5, 8, 9))
(31666.0, (0, 3, 5, 8, 13))
(31666.0, (0, 3, 5, 9, 13))
(20283.0, (0, 3, 8, 9, 13))
(10000.0, (0, 4, 5, 8, 9))
(30264.0, (0, 4, 5, 8, 13))
(30264.0, (0, 4, 5, 9, 13))
(32376.0, (0, 4, 8, 9, 13))
(32376.0, (0, 5, 8, 9, 13))
(23600.0, (1, 2, 3, 4, 5))
(37719.0, (1, 2, 3, 4, 8))
(41183.0, (1, 2, 3, 4, 9))
(34519.0, (1, 2, 3, 4, 13))
(49176.0, (1, 2, 3, 5, 8))
(31666.0, (1, 2, 3, 5, 9))
(24666.0, (1, 2, 3, 5, 13))
(26000.0, (1, 2, 3, 8, 9))
(42800.0, (1, 2, 3, 8, 13))
(25880.0, (1, 2, 3, 9, 13))
(28600.0, (1, 2, 4, 5, 8))
(28600.0, (1, 2, 4, 5, 9))
(16932.0, (1, 2, 4, 5, 13))
(28515.0, (1, 2, 4, 8, 9))
(31666.0, (1, 2, 4, 8, 13))
(31666.0, (1, 2, 4, 9, 13))
(28515.0, (1, 2, 5, 8, 9))
(31666.0, (1, 2, 5, 8, 13))
(31666.0, (1, 2, 5, 9, 13))
(20283.0, (1, 2, 8, 9, 13))
(28600.0, (1, 3, 4, 5, 8))
(28600.0, (1, 3, 4, 5, 9))
(16932.0, (1, 3, 4, 5, 13))
(28515.0, (1, 3, 4, 8, 9))
(31666.0, (1, 3, 4, 8, 13))
(31666.0, (1, 3, 4, 9, 13))
(28515.0, (1, 3, 5, 8, 9))
(31666.0, (1, 3, 5, 8, 13))
(31666.0, (1, 3, 5, 9, 13))
(20283.0, (1, 3, 8, 9, 13))
(10000.0, (1, 4, 5, 8, 9))
(30264.0, (1, 4, 5, 8, 13))
(30264.0, (1, 4, 5, 9, 13))
(32376.0, (1, 4, 8, 9, 13))
(32376.0, (1, 5, 8, 9, 13))
(26800.0, (2, 3, 4, 5, 8))
(28600.0, (2, 3, 4, 5, 9))
(23600.0, (2, 3, 4, 5, 13))
(20919.0, (2, 3, 4, 8, 9))
(37719.0, (2, 3, 4, 8, 13))
(39519.0, (2, 3, 4, 9, 13))
(28515.0, (2, 3, 5, 8, 9))
(45315.0, (2, 3, 5, 8, 13))
(28305.0, (2, 3, 5, 9, 13))
(26000.0, (2, 3, 8, 9, 13))
(10000.0, (2, 4, 5, 8, 9))
(30264.0, (2, 4, 5, 8, 13))
(28600.0, (2, 4, 5, 9, 13))
(32376.0, (2, 4, 8, 9, 13))
(28515.0, (2, 5, 8, 9, 13))
(10000.0, (3, 4, 5, 8, 9))
(30264.0, (3, 4, 5, 8, 13))
(28600.0, (3, 4, 5, 9, 13))
(32376.0, (3, 4, 8, 9, 13))
(28515.0, (3, 5, 8, 9, 13))
(10000.0, (4, 5, 8, 9, 13))
(26800.0, (0, 1, 2, 3, 4, 5))
(37719.0, (0, 1, 2, 3, 4, 8))
(37719.0, (0, 1, 2, 3, 4, 9))
(37719.0, (0, 1, 2, 3, 4, 13))
(37719.0, (0, 1, 2, 3, 5, 8))
(37719.0, (0, 1, 2, 3, 5, 9))
(37719.0, (0, 1, 2, 3, 5, 13))
(20919.0, (0, 1, 2, 3, 8, 9))
(37719.0, (0, 1, 2, 3, 8, 13))
(37719.0, (0, 1, 2, 3, 9, 13))
(30264.0, (0, 1, 2, 4, 5, 8))
(26800.0, (0, 1, 2, 4, 5, 9))
(26800.0, (0, 1, 2, 4, 5, 13))
(32376.0, (0, 1, 2, 4, 8, 9))
(32264.0, (0, 1, 2, 4, 8, 13))
(37719.0, (0, 1, 2, 4, 9, 13))
(20919.0, (0, 1, 2, 5, 8, 9))
(37719.0, (0, 1, 2, 5, 8, 13))
(37719.0, (0, 1, 2, 5, 9, 13))
(20919.0, (0, 1, 2, 8, 9, 13))
(30264.0, (0, 1, 3, 4, 5, 8))
(26800.0, (0, 1, 3, 4, 5, 9))
(26800.0, (0, 1, 3, 4, 5, 13))
(32376.0, (0, 1, 3, 4, 8, 9))
(32264.0, (0, 1, 3, 4, 8, 13))
(37719.0, (0, 1, 3, 4, 9, 13))
(20919.0, (0, 1, 3, 5, 8, 9))
(37719.0, (0, 1, 3, 5, 8, 13))
(37719.0, (0, 1, 3, 5, 9, 13))
(20919.0, (0, 1, 3, 8, 9, 13))
(10000.0, (0, 1, 4, 5, 8, 9))
(26800.0, (0, 1, 4, 5, 8, 13))
(26800.0, (0, 1, 4, 5, 9, 13))
(20919.0, (0, 1, 4, 8, 9, 13))
(20919.0, (0, 1, 5, 8, 9, 13))
(26800.0, (0, 2, 3, 4, 5, 8))
(30264.0, (0, 2, 3, 4, 5, 9))
(23600.0, (0, 2, 3, 4, 5, 13))
(20919.0, (0, 2, 3, 4, 8, 9))
(37719.0, (0, 2, 3, 4, 8, 13))
(41183.0, (0, 2, 3, 4, 9, 13))
(32376.0, (0, 2, 3, 5, 8, 9))
(49176.0, (0, 2, 3, 5, 8, 13))
(31666.0, (0, 2, 3, 5, 9, 13))
(26000.0, (0, 2, 3, 8, 9, 13))
(10000.0, (0, 2, 4, 5, 8, 9))
(30264.0, (0, 2, 4, 5, 8, 13))
(30264.0, (0, 2, 4, 5, 9, 13))
(32376.0, (0, 2, 4, 8, 9, 13))
(32376.0, (0, 2, 5, 8, 9, 13))
(10000.0, (0, 3, 4, 5, 8, 9))
(30264.0, (0, 3, 4, 5, 8, 13))
(30264.0, (0, 3, 4, 5, 9, 13))
(32376.0, (0, 3, 4, 8, 9, 13))
(32376.0, (0, 3, 5, 8, 9, 13))
(10000.0, (0, 4, 5, 8, 9, 13))
(26800.0, (1, 2, 3, 4, 5, 8))
(30264.0, (1, 2, 3, 4, 5, 9))
(23600.0, (1, 2, 3, 4, 5, 13))
(20919.0, (1, 2, 3, 4, 8, 9))
(37719.0, (1, 2, 3, 4, 8, 13))
(41183.0, (1, 2, 3, 4, 9, 13))
(32376.0, (1, 2, 3, 5, 8, 9))
(49176.0, (1, 2, 3, 5, 8, 13))
(31666.0, (1, 2, 3, 5, 9, 13))
(26000.0, (1, 2, 3, 8, 9, 13))
(10000.0, (1, 2, 4, 5, 8, 9))
(30264.0, (1, 2, 4, 5, 8, 13))
(30264.0, (1, 2, 4, 5, 9, 13))
(32376.0, (1, 2, 4, 8, 9, 13))
(32376.0, (1, 2, 5, 8, 9, 13))
(10000.0, (1, 3, 4, 5, 8, 9))
(30264.0, (1, 3, 4, 5, 8, 13))
(30264.0, (1, 3, 4, 5, 9, 13))
(32376.0, (1, 3, 4, 8, 9, 13))
(32376.0, (1, 3, 5, 8, 9, 13))
(10000.0, (1, 4, 5, 8, 9, 13))
(10000.0, (2, 3, 4, 5, 8, 9))
(26800.0, (2, 3, 4, 5, 8, 13))
(28600.0, (2, 3, 4, 5, 9, 13))
(20919.0, (2, 3, 4, 8, 9, 13))
(28515.0, (2, 3, 5, 8, 9, 13))
(10000.0, (2, 4, 5, 8, 9, 13))
(10000.0, (3, 4, 5, 8, 9, 13))
(26800.0, (0, 1, 2, 3, 4, 5, 8))
(26800.0, (0, 1, 2, 3, 4, 5, 9))
(26800.0, (0, 1, 2, 3, 4, 5, 13))
(20919.0, (0, 1, 2, 3, 4, 8, 9))
(37719.0, (0, 1, 2, 3, 4, 8, 13))
(37719.0, (0, 1, 2, 3, 4, 9, 13))
(20919.0, (0, 1, 2, 3, 5, 8, 9))
(37719.0, (0, 1, 2, 3, 5, 8, 13))
(37719.0, (0, 1, 2, 3, 5, 9, 13))
(20919.0, (0, 1, 2, 3, 8, 9, 13))
(10000.0, (0, 1, 2, 4, 5, 8, 9))
(26800.0, (0, 1, 2, 4, 5, 8, 13))
(26800.0, (0, 1, 2, 4, 5, 9, 13))
(20919.0, (0, 1, 2, 4, 8, 9, 13))
(20919.0, (0, 1, 2, 5, 8, 9, 13))
(10000.0, (0, 1, 3, 4, 5, 8, 9))
(26800.0, (0, 1, 3, 4, 5, 8, 13))
(26800.0, (0, 1, 3, 4, 5, 9, 13))
(20919.0, (0, 1, 3, 4, 8, 9, 13))
(20919.0, (0, 1, 3, 5, 8, 9, 13))
(10000.0, (0, 1, 4, 5, 8, 9, 13))
(10000.0, (0, 2, 3, 4, 5, 8, 9))
(26800.0, (0, 2, 3, 4, 5, 8, 13))
(30264.0, (0, 2, 3, 4, 5, 9, 13))
(20919.0, (0, 2, 3, 4, 8, 9, 13))
(32376.0, (0, 2, 3, 5, 8, 9, 13))
(10000.0, (0, 2, 4, 5, 8, 9, 13))
(10000.0, (0, 3, 4, 5, 8, 9, 13))
(10000.0, (1, 2, 3, 4, 5, 8, 9))
(26800.0, (1, 2, 3, 4, 5, 8, 13))
(30264.0, (1, 2, 3, 4, 5, 9, 13))
(20919.0, (1, 2, 3, 4, 8, 9, 13))
(32376.0, (1, 2, 3, 5, 8, 9, 13))
(10000.0, (1, 2, 4, 5, 8, 9, 13))
(10000.0, (1, 3, 4, 5, 8, 9, 13))
(10000.0, (2, 3, 4, 5, 8, 9, 13))
(10000.0, (0, 1, 2, 3, 4, 5, 8, 9))
(26800.0, (0, 1, 2, 3, 4, 5, 8, 13))
(26800.0, (0, 1, 2, 3, 4, 5, 9, 13))
(20919.0, (0, 1, 2, 3, 4, 8, 9, 13))
(20919.0, (0, 1, 2, 3, 5, 8, 9, 13))
(10000.0, (0, 1, 2, 4, 5, 8, 9, 13))
(10000.0, (0, 1, 3, 4, 5, 8, 9, 13))
(10000.0, (0, 2, 3, 4, 5, 8, 9, 13))
(10000.0, (1, 2, 3, 4, 5, 8, 9, 13))
(10000.0, (0, 1, 2, 3, 4, 5, 8, 9, 13))
